50000 0.014845 0.003357 9.574202
100000 0.029478 0.007560 36.901798
150000 0.043501	0.009866 89.219958
200000 0.057028	0.010287 163.894422
250000 0.082248	0.017889 304.595363
300000 0.097655	0.015917 489.181469
350000 0.103424 0.021309 528.373639
400000 0.114314	0.021016 664.847526
450000 0.136510	0.021838 771.321697
500000 0.150992	0.024008 947.656874
550000 0.158837	0.025294 1128.248974
600000 0.184542	0.029121 1343.549874
650000 0.204936	0.031542 1625.789521
700000 0.209349	0.031939 1792.987521
750000 0.231990	0.034090 2046.489752
800000 0.224308	0.036881 2178.689132
850000 0.264419	0.040108 2541.984123
900000 0.268976	0.046464 2849.165473
950000 0.294934	0.043406 3007.359874
1000000 0.314539 0.041391 3296.789656