0.0 2798170.00 2798047.00 99.00 0.00 24.00 0.00
1.0 2798167.89 2797948.11 99.49 2.04 118.25 0.00
2.0 2798166.83 2797846.68 102.03 3.07 215.00 0.04
3.0 2798166.25 2797741.70 105.60 3.64 315.20 0.10
4.0 2798165.89 2797632.58 109.76 4.00 419.38 0.16
5.0 2798165.63 2797518.96 114.30 4.26 527.87 0.24
6.0 2798165.41 2797400.54 119.11 4.49 640.94 0.32
7.0 2798165.20 2797277.10 124.17 4.70 758.82 0.40
8.0 2798165.00 2797148.39 129.46 4.91 881.74 0.49
9.0 2798164.79 2797014.20 134.98 5.13 1009.89 0.59
10.0 2798164.58 2796874.29 140.74 5.35 1143.52 0.68
11.0 2798164.36 2796728.42 146.73 5.58 1282.85 0.78
12.0 2798164.13 2796576.35 152.97 5.82 1428.11 0.89
13.0 2798163.89 2796417.81 159.47 6.06 1579.55 1.00
14.0 2798163.65 2796252.55 166.24 6.32 1737.42 1.11
15.0 2798163.39 2796080.28 173.28 6.59 1902.00 1.23
16.0 2798163.12 2795900.73 180.62 6.87 2073.55 1.35
17.0 2798162.84 2795713.59 188.25 7.16 2252.36 1.48
18.0 2798162.55 2795518.55 196.19 7.46 2438.73 1.62
19.0 2798162.25 2795315.30 204.45 7.78 2632.96 1.76
20.0 2798161.93 2795103.50 213.05 8.11 2835.37 1.90
21.0 2798161.60 2794882.81 221.99 8.45 3046.30 2.06
22.0 2798161.26 2794652.88 231.29 8.81 3266.07 2.21
23.0 2798160.91 2794413.34 240.96 9.17 3495.06 2.38
24.0 2798160.54 2794163.80 251.01 9.56 3733.62 2.55
25.0 2798160.16 2793903.87 261.47 9.96 3982.13 2.73
26.0 2798159.76 2793633.14 272.33 10.37 4241.00 2.92
27.0 2798159.34 2793351.19 283.62 10.81 4510.62 3.11
28.0 2798158.91 2793057.59 295.34 11.25 4791.41 3.32
29.0 2798158.47 2792751.87 307.52 11.72 5083.82 3.53
30.0 2798158.00 2792433.58 320.17 12.21 5388.29 3.75
31.0 2798157.52 2792102.24 333.31 12.71 5705.29 3.98
32.0 2798157.02 2791757.34 346.94 13.23 6035.29 4.22
33.0 2798156.50 2791398.37 361.09 13.77 6378.80 4.47
34.0 2798155.96 2791024.81 375.77 14.34 6736.31 4.73
35.0 2798155.40 2790636.12 391.00 14.92 7108.37 5.00
36.0 2798154.82 2790231.72 406.79 15.53 7495.50 5.28
37.0 2798154.22 2789811.06 423.16 16.16 7898.28 5.57
38.0 2798153.59 2789373.53 440.12 16.81 8317.26 5.87
39.0 2798152.94 2788918.53 457.70 17.49 8753.05 6.19
40.0 2798152.27 2788445.43 475.90 18.19 9206.24 6.52
41.0 2798151.58 2787953.59 494.75 18.91 9677.47 6.86
42.0 2798150.86 2787442.36 514.26 19.66 10167.37 7.21
43.0 2798150.12 2786911.06 534.45 20.44 10676.59 7.58
44.0 2798149.35 2786359.00 555.33 21.25 11205.80 7.97
45.0 2798148.55 2785785.49 576.91 22.08 11755.70 8.37
46.0 2798147.73 2785189.81 599.22 22.94 12326.98 8.78
47.0 2798146.88 2784571.21 622.26 23.84 12920.35 9.21
48.0 2798146.00 2783928.97 646.05 24.76 13536.56 9.66
49.0 2798145.09 2783262.32 670.61 25.71 14176.33 10.13
50.0 2798144.15 2782570.48 695.94 26.69 14840.43 10.61
51.0 2798143.19 2781852.69 722.06 27.70 15529.63 11.11
52.0 2798142.19 2781108.14 748.97 28.75 16244.70 11.63
53.0 2798141.17 2780336.03 776.69 29.83 16986.45 12.17
54.0 2798140.11 2779535.56 805.23 30.94 17755.66 12.73
55.0 2798139.03 2778705.90 834.58 32.08 18553.14 13.32
56.0 2798137.91 2777846.25 864.77 33.26 19379.72 13.92
57.0 2798136.76 2776955.77 895.78 34.47 20236.20 14.54
58.0 2798135.58 2776033.64 927.62 35.72 21123.42 15.19
59.0 2798134.38 2775079.03 960.29 37.00 22042.19 15.86
60.0 2798133.14 2774091.12 993.79 38.31 22993.35 16.56
61.0 2798131.87 2773069.10 1028.11 39.66 23977.71 17.28
62.0 2798130.57 2772012.15 1063.25 41.04 24996.09 18.03
63.0 2798129.24 2770919.48 1099.19 42.46 26049.31 18.80
64.0 2798127.88 2769790.29 1135.93 43.91 27138.15 19.60
65.0 2798126.49 2768623.82 1173.44 45.39 28263.42 20.42
66.0 2798125.08 2767419.31 1211.70 46.91 29425.88 21.27
67.0 2798123.63 2766176.04 1250.71 48.45 30626.28 22.16
68.0 2798122.17 2764893.29 1290.42 50.03 31865.36 23.07
69.0 2798120.68 2763570.40 1330.81 51.64 33143.82 24.01
70.0 2798119.17 2762206.72 1371.85 53.28 34462.34 24.98
71.0 2798117.64 2760801.65 1413.50 54.94 35821.57 25.98
72.0 2798116.09 2759354.62 1455.71 56.64 37222.11 27.01
73.0 2798114.52 2757865.11 1498.45 58.35 38664.53 28.08
74.0 2798112.94 2756332.66 1541.67 60.09 40149.35 29.17
75.0 2798111.35 2754756.84 1585.30 61.85 41677.05 30.30
76.0 2798109.75 2753137.31 1629.29 63.64 43248.04 31.47
77.0 2798108.14 2751473.77 1673.58 65.43 44862.69 32.66
78.0 2798106.53 2749765.98 1718.10 67.25 46521.31 33.89
79.0 2798104.92 2748013.79 1762.78 69.07 48224.12 35.16
80.0 2798103.32 2746217.12 1807.55 70.91 49971.29 36.46
81.0 2798101.72 2744375.96 1852.32 72.75 51762.91 37.79
82.0 2798100.14 2742490.39 1897.01 74.59 53598.99 39.16
83.0 2798098.58 2740560.59 1941.53 76.44 55479.46 40.56
84.0 2798097.03 2738586.80 1985.80 78.28 57404.16 42.00
85.0 2798095.52 2736569.39 2029.71 80.11 59372.84 43.47
86.0 2798094.03 2734508.80 2073.17 81.93 61385.15 44.97
87.0 2798092.59 2732405.59 2116.08 83.74 63440.66 46.51
88.0 2798091.18 2730260.40 2158.33 85.53 65538.83 48.09
89.0 2798089.82 2728073.99 2199.83 87.30 67679.01 49.70
90.0 2798088.52 2725847.24 2240.45 89.04 69860.45 51.34
