0.0 0.00
1.0 0.00
2.0 0.04
3.0 0.10
4.0 0.16
5.0 0.24
6.0 0.31
7.0 0.40
8.0 0.48
9.0 0.57
10.0 0.66
11.0 0.75
12.0 0.85
13.0 0.95
14.0 1.05
15.0 1.16
16.0 1.27
17.0 1.38
18.0 1.50
19.0 1.62
20.0 1.74
21.0 1.87
22.0 2.00
23.0 2.14
24.0 2.28
25.0 2.43
26.0 2.58
27.0 2.74
28.0 2.90
29.0 3.06
30.0 3.24
31.0 3.41
32.0 3.60
33.0 3.79
34.0 3.98
35.0 4.18
36.0 4.39
37.0 4.60
38.0 4.82
39.0 5.05
40.0 5.29
41.0 5.53
42.0 5.78
43.0 6.04
44.0 6.30
45.0 6.57
46.0 6.86
47.0 7.15
48.0 7.44
49.0 7.75
50.0 8.07
51.0 8.40
52.0 8.73
53.0 9.08
54.0 9.44
55.0 9.80
56.0 10.18
57.0 10.57
58.0 10.97
59.0 11.38
60.0 11.80
61.0 12.24
62.0 12.69
63.0 13.14
64.0 13.62
65.0 14.10
66.0 14.60
67.0 15.11
68.0 15.64
69.0 16.18
70.0 16.73
71.0 17.30
72.0 17.88
73.0 18.47
74.0 19.09
75.0 19.71
76.0 20.36
77.0 21.01
78.0 21.69
79.0 22.38
80.0 23.08
81.0 23.81
82.0 24.55
83.0 25.30
84.0 26.07
85.0 26.86
86.0 27.67
87.0 28.49
88.0 29.33
89.0 30.19
90.0 31.06