0.0 99.00
1.0 98.50
2.0 100.04
3.0 102.57
4.0 105.62
5.0 108.97
6.0 112.52
7.0 116.23
8.0 120.07
9.0 124.05
10.0 128.16
11.0 132.40
12.0 136.78
13.0 141.29
14.0 145.95
15.0 150.75
16.0 155.71
17.0 160.82
18.0 166.08
19.0 171.51
20.0 177.11
21.0 182.87
22.0 188.82
23.0 194.94
24.0 201.25
25.0 207.75
26.0 214.44
27.0 221.34
28.0 228.44
29.0 235.74
30.0 243.26
31.0 251.00
32.0 258.97
33.0 267.16
34.0 275.59
35.0 284.26
36.0 293.17
37.0 302.33
38.0 311.74
39.0 321.41
40.0 331.35
41.0 341.55
42.0 352.03
43.0 362.79
44.0 373.83
45.0 385.15
46.0 396.77
47.0 408.68
48.0 420.89
49.0 433.40
50.0 446.22
51.0 459.35
52.0 472.79
53.0 486.54
54.0 500.61
55.0 515.00
56.0 529.71
57.0 544.75
58.0 560.10
59.0 575.78
60.0 591.78
61.0 608.10
62.0 624.74
63.0 641.71
64.0 658.98
65.0 676.57
66.0 694.48
67.0 712.68
68.0 731.18
69.0 749.98
70.0 769.07
71.0 788.43
72.0 808.06
73.0 827.96
74.0 848.10
75.0 868.48
76.0 889.09
77.0 909.92
78.0 930.94
79.0 952.14
80.0 973.51
81.0 995.04
82.0 1016.69
83.0 1038.45
84.0 1060.30
85.0 1082.23
86.0 1104.20
87.0 1126.19
88.0 1148.17
89.0 1170.13
90.0 1192.04
