0.0 0.00
1.0 2.04
2.0 3.05
3.0 3.59
4.0 3.91
5.0 4.13
6.0 4.32
7.0 4.48
8.0 4.64
9.0 4.80
10.0 4.96
11.0 5.12
12.0 5.29
13.0 5.47
14.0 5.65
15.0 5.84
16.0 6.03
17.0 6.23
18.0 6.43
19.0 6.64
20.0 6.86
21.0 7.08
22.0 7.32
23.0 7.55
24.0 7.80
25.0 8.05
26.0 8.31
27.0 8.58
28.0 8.86
29.0 9.14
30.0 9.43
31.0 9.74
32.0 10.05
33.0 10.37
34.0 10.70
35.0 11.03
36.0 11.38
37.0 11.74
38.0 12.11
39.0 12.49
40.0 12.87
41.0 13.27
42.0 13.68
43.0 14.11
44.0 14.54
45.0 14.98
46.0 15.44
47.0 15.90
48.0 16.38
49.0 16.88
50.0 17.38
51.0 17.90
52.0 18.43
53.0 18.97
54.0 19.52
55.0 20.09
56.0 20.67
57.0 21.26
58.0 21.87
59.0 22.49
60.0 23.13
61.0 23.77
62.0 24.43
63.0 25.11
64.0 25.79
65.0 26.49
66.0 27.21
67.0 27.93
68.0 28.67
69.0 29.42
70.0 30.18
71.0 30.96
72.0 31.75
73.0 32.55
74.0 33.36
75.0 34.18
76.0 35.01
77.0 35.85
78.0 36.70
79.0 37.56
80.0 38.42
81.0 39.30
82.0 40.18
83.0 41.07
84.0 41.96
85.0 42.86
86.0 43.76
87.0 44.66
88.0 45.57
89.0 46.47
90.0 47.38