0.0 24.00
1.0 119.24
2.0 216.04
3.0 315.32
4.0 417.58
5.0 523.09
6.0 632.05
7.0 744.61
8.0 860.90
9.0 981.04
10.0 1105.17
11.0 1233.41
12.0 1365.90
13.0 1502.77
14.0 1644.16
15.0 1790.21
16.0 1941.07
17.0 2096.88
18.0 2257.81
19.0 2424.00
20.0 2595.63
21.0 2772.86
22.0 2955.86
23.0 3144.81
24.0 3339.89
25.0 3541.29
26.0 3749.19
27.0 3963.79
28.0 4185.29
29.0 4413.89
30.0 4649.81
31.0 4893.25
32.0 5144.44
33.0 5403.61
34.0 5670.97
35.0 5946.77
36.0 6231.25
37.0 6524.65
38.0 6827.21
39.0 7139.20
40.0 7460.87
41.0 7792.49
42.0 8134.33
43.0 8486.65
44.0 8849.74
45.0 9223.89
46.0 9609.37
47.0 10006.48
48.0 10415.52
49.0 10836.78
50.0 11270.57
51.0 11717.20
52.0 12176.97
53.0 12650.20
54.0 13137.20
55.0 13638.29
56.0 14153.79
57.0 14684.03
58.0 15229.32
59.0 15789.98
60.0 16366.35
61.0 16958.75
62.0 17567.49
63.0 18192.90
64.0 18835.30
65.0 19495.01
66.0 20172.35
67.0 20867.61
68.0 21581.11
69.0 22313.15
70.0 23064.03
71.0 23834.02
72.0 24623.42
73.0 25432.49
74.0 26261.50
75.0 27110.69
76.0 27980.32
77.0 28870.60
78.0 29781.75
79.0 30713.97
80.0 31667.45
81.0 32642.35
82.0 33638.84
83.0 34657.03
84.0 35697.04
85.0 36758.97
86.0 37842.89
87.0 38948.84
88.0 40076.84
89.0 41226.91
90.0 42399.00