0.0 2798047.00
1.0 2797948.11
2.0 2797847.67
3.0 2797744.70
4.0 2797638.66
5.0 2797529.26
6.0 2797416.30
7.0 2797299.62
8.0 2797179.07
9.0 2797054.53
10.0 2796925.86
11.0 2796792.94
12.0 2796655.62
13.0 2796513.77
14.0 2796367.25
15.0 2796215.90
16.0 2796059.58
17.0 2795898.13
18.0 2795731.39
19.0 2795559.21
20.0 2795381.40
21.0 2795197.81
22.0 2795008.25
23.0 2794812.54
24.0 2794610.49
25.0 2794401.93
26.0 2794186.64
27.0 2793964.43
28.0 2793735.09
29.0 2793498.42
30.0 2793254.20
31.0 2793002.21
32.0 2792742.22
33.0 2792474.01
34.0 2792197.34
35.0 2791911.96
36.0 2791617.64
37.0 2791314.13
38.0 2791001.16
39.0 2790678.48
40.0 2790345.83
41.0 2790002.93
42.0 2789649.52
43.0 2789285.30
44.0 2788910.00
45.0 2788523.34
46.0 2788125.01
47.0 2787714.72
48.0 2787292.18
49.0 2786857.07
50.0 2786409.10
51.0 2785947.94
52.0 2785473.30
53.0 2784984.84
54.0 2784482.26
55.0 2783965.23
56.0 2783433.43
57.0 2782886.55
58.0 2782324.24
59.0 2781746.20
60.0 2781152.09
61.0 2780541.60
62.0 2779914.40
63.0 2779270.17
64.0 2778608.60
65.0 2777929.36
66.0 2777232.16
67.0 2776516.68
68.0 2775782.62
69.0 2775029.69
70.0 2774257.61
71.0 2773466.08
72.0 2772654.85
73.0 2771823.64
74.0 2770972.22
75.0 2770100.33
76.0 2769207.75
77.0 2768294.27
78.0 2767359.68
79.0 2766403.81
80.0 2765426.49
81.0 2764427.56
82.0 2763406.89
83.0 2762364.38
84.0 2761299.93
85.0 2760213.48
86.0 2759104.97
87.0 2757974.39
88.0 2756821.73
89.0 2755647.04
90.0 2754450.36