414 0.000000
399 0.000000
283 0.000000
695 0.000000
375 0.000000
2871 0.000000
1669 0.000000
489 0.000000
2761 0.000000
1370 0.000000
4762 0.000000
3892 0.000000
6365 0.000000
784 0.000000
4085 0.000000
27 0.000000
2918 0.000000
6346 0.000000
631 0.000000
7125 0.000000
8327 0.000000
5065 0.000000
4951 0.000000
7313 0.000001
12065 0.000001
10 0.000000
867 0.000000
4025 0.000000
2336 0.000000
5125 0.000000
9272 0.000000
15102 0.000000
16376 0.000000
1407 0.000000
10297 0.000000
15251 0.000000
778 0.000000
8466 0.000000
1092 0.000000
7039 0.000000
7688 0.000000
6207 0.000000
15283 0.000000
13554 0.000000
19991 0.000000
21369 0.000000
8433 0.000000
7409 0.000000
8567 0.000000
16564 0.000000
5886 0.000000
1746 0.000000
16481 0.000000
26690 0.000000
911 0.000000
6398 0.000000
11200 0.000000
10779 0.000000
11923 0.000000
22888 0.000000
2756 0.000000
8695 0.000000
16990 0.000000
31484 0.000000
22102 0.000000
12788 0.000000
15088 0.000000
6733 0.000000
17106 0.000000
21532 0.000000
19624 0.000000
28795 0.000000
33739 0.000000
16408 0.000000
30349 0.000000
32731 0.000000
10129 0.000000
36634 0.000000
5992 0.000000
35196 0.000000
4551 0.000000
4379 0.000000
31294 0.000000
1532 0.000000
41569 0.000000
8706 0.000000
42931 0.000000
14121 0.000000
40337 0.000000
10706 0.000000
37009 0.000000
35445 0.000000
7754 0.000000
12351 0.000000
929 0.000000
42208 0.000000
3639 0.000000
27369 0.000000
10441 0.000000
114 0.000000
842 0.000001
1236 0.000000
1436 0.000000
1880 0.000001
2633 0.000001
1009 0.000000
2512 0.000001
2780 0.000001
4748 0.000000
2306 0.000001
3137 0.000001
2515 0.000001
1745 0.000001
3642 0.000001
3685 0.000001
1966 0.000001
2656 0.000001
8302 0.000000
185 0.000001
6561 0.000000
1824 0.000001
7466 0.000001
9953 0.000001
1612 0.000000
12139 0.000001
8315 0.000001
12934 0.000001
13857 0.000001
8744 0.000000
3520 0.000003
12972 0.000001
15586 0.000000
1756 0.000001
10260 0.000002
14466 0.000001
741 0.000001
10269 0.000001
3330 0.000001
8521 0.000001
13869 0.000000
12636 0.000001
15658 0.000003
2236 0.000001
20733 0.000001
653 0.000001
4274 0.000001
2051 0.000001
9309 0.000001
10076 0.000001
20088 0.000001
20370 0.000001
15752 0.000001
5554 0.000001
24676 0.000001
24364 0.000001
6694 0.000000
22491 0.000001
12151 0.000001
27051 0.000001
3087 0.000001
4171 0.000001
26875 0.000001
26173 0.000001
30279 0.000001
31487 0.000000
13491 0.000001
12020 0.000001
1756 0.000001
14321 0.000001
26393 0.000001
11477 0.000001
15309 0.000001
13904 0.000001
13214 0.000001
12395 0.000001
10057 0.000001
31988 0.000001
38446 0.000001
37218 0.000001
12916 0.000001
13387 0.000001
9940 0.000001
21668 0.000001
25941 0.000001
25616 0.000001
1884 0.000001
987 0.000001
32108 0.000001
20035 0.000001
39391 0.000001
9047 0.000001
30558 0.000001
18766 0.000001
32721 0.000003
2837 0.000001
44754 0.000001
16564 0.000001
34709 0.000001
9 0.000000
849 0.000000
1361 0.000000
1748 0.000001
554 0.000001
1096 0.000001
1435 0.000001
1585 0.000000
3080 0.000001
4102 0.000001
4821 0.000001
566 0.000001
615 0.000001
2704 0.000001
669 0.000000
5002 0.000000
5719 0.000001
144 0.000001
2089 0.000000
6135 0.000001
7813 0.000001
1857 0.000000
7673 0.000000
9610 0.000001
1545 0.000001
8641 0.000001
263 0.000000
13312 0.000001
8580 0.000004
10725 0.000001
6869 0.000001
2941 0.000001
14574 0.000001
2230 0.000001
689 0.000001
8480 0.000001
2827 0.000000
9624 0.000001
12917 0.000001
15759 0.000001
8079 0.000001
16090 0.000001
15826 0.000000
12694 0.000001
14146 0.000001
5847 0.000000
197 0.000001
9717 0.000001
1491 0.000000
7286 0.000001
205 0.000001
14305 0.000000
9643 0.000001
5878 0.000001
26267 0.000001
14188 0.000001
19520 0.000001
11031 0.000001
18353 0.000001
21952 0.000001
13108 0.000001
15222 0.000000
3893 0.000000
21034 0.000001
21805 0.000000
22934 0.000001
32866 0.000001
14132 0.000000
6558 0.000000
6283 0.000001
19743 0.000001
3637 0.000001
13225 0.000001
9569 0.000001
15832 0.000001
17223 0.000000
36269 0.000000
18381 0.000001
4441 0.000001
2112 0.000001
14167 0.000001
19146 0.000001
38269 0.000001
38163 0.000000
3876 0.000001
13037 0.000001
16851 0.000001
39248 0.000001
33920 0.000001
36556 0.000001
12700 0.000001
36528 0.000001
23779 0.000001
12445 0.000001
38414 0.000001
37584 0.000000
13379 0.000001
39780 0.000001
5568 0.000001
340 0.000000
340 0.000000
647 0.000000
193 0.000001
964 0.000001
1475 0.000001
3059 0.000001
3720 0.000001
40 0.000001
3871 0.000000
5330 0.000000
3476 0.000001
5502 0.000001
5551 0.000001
1104 0.000001
2812 0.000000
156 0.000001
1998 0.000001
2260 0.000001
42 0.000000
7621 0.000000
37 0.000001
5366 0.000001
5747 0.000001
971 0.000001
10655 0.000000
4169 0.000001
12573 0.000001
643 0.000000
14734 0.000000
11492 0.000001
10483 0.000001
7426 0.000001
991 0.000001
9528 0.000001
891 0.000000
13967 0.000005
15939 0.000001
15111 0.000001
16859 0.000001
7310 0.000001
11442 0.000001
835 0.000001
17165 0.000000
15845 0.000001
7291 0.000001
7329 0.000001
21853 0.000001
23141 0.000001
16590 0.000000
7395 0.000001
24262 0.000001
20479 0.000000
26113 0.000000
16361 0.000001
2951 0.000000
1269 0.000001
15030 0.000001
2024 0.000004
6412 0.000001
10116 0.000001
26368 0.000001
17747 0.000001
1543 0.000003
3359 0.000001
627 0.000001
26434 0.000001
28178 0.000001
7066 0.000000
20397 0.000001
11037 0.000001
10728 0.000001
32691 0.000001
11724 0.000001
23893 0.000003
22536 0.000001
9867 0.000001
13223 0.000001
34390 0.000001
21008 0.000001
35665 0.000001
2637 0.000001
4622 0.000001
1144 0.000001
30603 0.000002
16983 0.000001
24095 0.000001
27224 0.000001
4865 0.000001
34619 0.000001
12636 0.000001
33482 0.000001
1839 0.000001
10235 0.000001
40377 0.000001
4051 0.000001
25862 0.000001
44163 0.000000
33729 0.000001
340 0.000000
340 0.000001
647 0.000000
193 0.000001
964 0.000001
1475 0.000000
3059 0.000001
3720 0.000000
40 0.000001
3871 0.000000
5330 0.000001
3476 0.000001
5502 0.000000
5551 0.000001
1104 0.000001
2812 0.000000
156 0.000001
1998 0.000001
2260 0.000000
42 0.000000
7621 0.000001
37 0.000001
5366 0.000001
5747 0.000001
971 0.000001
10655 0.000000
4169 0.000001
12573 0.000000
643 0.000001
14734 0.000000
11492 0.000001
10483 0.000001
7426 0.000001
991 0.000000
9528 0.000000
891 0.000001
13967 0.000000
15939 0.000001
15111 0.000000
16859 0.000001
7310 0.000001
11442 0.000001
835 0.000001
17165 0.000001
15845 0.000000
7291 0.000001
7329 0.000001
21853 0.000001
23141 0.000001
16590 0.000001
7395 0.000001
24262 0.000000
20479 0.000001
26113 0.000001
16361 0.000001
2951 0.000004
1269 0.000001
15030 0.000000
2024 0.000002
6412 0.000001
10116 0.000001
26368 0.000000
17747 0.000001
1543 0.000000
3359 0.000001
627 0.000001
26434 0.000001
28178 0.000002
7066 0.000001
20397 0.000001
11037 0.000001
10728 0.000001
32691 0.000001
11724 0.000001
23893 0.000001
22536 0.000001
9867 0.000001
13223 0.000001
34390 0.000001
21008 0.000001
35665 0.000000
2637 0.000001
4622 0.000001
1144 0.000001
30603 0.000001
16983 0.000001
24095 0.000001
27224 0.000001
4865 0.000001
34619 0.000001
12636 0.000001
33482 0.000001
1839 0.000001
10235 0.000001
40377 0.000001
4051 0.000003
25862 0.000001
44163 0.000001
33729 0.000001
478 0.000000
429 0.000001
468 0.000000
721 0.000001
1370 0.000001
811 0.000001
742 0.000000
2 0.000002
4151 0.000000
3129 0.000000
502 0.000001
1898 0.000001
5435 0.000006
2849 0.000001
4085 0.000001
5673 0.000001
1773 0.000001
5317 0.000000
6503 0.000000
7454 0.000001
9709 0.000003
10388 0.000001
11184 0.000000
3805 0.000000
1821 0.000000
9486 0.000001
3131 0.000003
7817 0.000001
9364 0.000001
2741 0.000001
12418 0.000001
13694 0.000000
2670 0.000001
3738 0.000001
12416 0.000001
9892 0.000001
49 0.000001
3510 0.000001
18895 0.000000
10552 0.000001
9992 0.000001
17249 0.000000
16950 0.000001
779 0.000001
17098 0.000001
21535 0.000000
21304 0.000000
15371 0.000001
20353 0.000001
15308 0.000001
1678 0.000003
9914 0.000001
13548 0.000003
24862 0.000001
21571 0.000001
17869 0.000001
9700 0.000001
27202 0.000001
12038 0.000001
5065 0.000002
25443 0.000001
27308 0.000000
16111 0.000001
17465 0.000000
10546 0.000001
19879 0.000001
18710 0.000001
3948 0.000001
12890 0.000001
20605 0.000001
34000 0.000001
19734 0.000001
16706 0.000001
11951 0.000001
513 0.000001
8305 0.000001
35338 0.000001
26318 0.000001
30528 0.000001
23043 0.000001
36978 0.000001
33206 0.000001
7457 0.000001
28026 0.000001
32421 0.000001
37380 0.000001
16747 0.000001
38121 0.000001
2434 0.000001
20637 0.000001
15538 0.000001
4229 0.000001
33946 0.000001
26650 0.000001
5695 0.000001
44344 0.000001
18529 0.000001
44757 0.000001
7292 0.000001
