       1.139382        1.012385       -0.549959
       0.195518        0.190581       -0.379669
       1.157430       -0.761827        0.487297
      -1.421199       -0.699876       -0.931595
       1.656724        0.105035       -0.678187
      -0.686654        0.921940        0.557163
      -0.611769        1.462657        1.232518
      -0.658267        0.613752        0.984714
      -2.030129       -1.433349        1.654922
      -0.102761        0.715317        0.085810
       1.565897        1.095244        0.731098
       0.930221       -1.085581       -0.365576
       1.790950       -0.725907        0.427747
      -0.136296        1.750597       -0.020621
      -0.874537        2.102673        1.545853
       0.825098       -0.677483        1.002417
      -0.898857       -0.060839       -0.625124
       0.384399        0.586217        1.462897
      -0.310718       -0.900743       -0.765233
      -1.661574        0.758895       -1.034442
      -0.346718       -0.774398       -1.438977
       0.744509        1.120724       -1.035938
      -1.076119       -0.560666        0.761463
       2.139801       -1.573713        1.131561
      -1.126775       -2.342879        1.966224
       1.250474        0.884058       -0.647134
      -1.401008        0.067515        1.147579
       1.434941        0.565644       -1.376477
       1.610030        2.256261        1.303775
      -0.812780        1.443791        1.501806
      -0.893654        0.524704       -0.578654
      -1.338183        0.163893        0.173723
      -1.689654       -0.063137        0.573784
      -0.299798       -2.077752       -0.246279
       0.264425       -0.335086       -0.575826
      -0.645849        0.882373        0.212393
       0.339775        0.579286       -0.559039
       0.282318       -0.503925        0.309906
      -1.773362       -1.094816       -0.337865
       1.155043       -0.653517       -0.874705
      -0.171276       -1.701469        0.080644
      -1.059256        0.986334       -0.254869
      -0.669720        1.538447        0.544933
       0.393625        0.707791       -0.913773
       1.713573       -0.023369       -0.849834
       0.586917        0.198425        0.962053
      -1.809643       -1.689416       -0.548999
       1.747618        1.662411        0.107460
      -1.031349       -1.181477       -1.517502
      -0.498259       -1.698305       -0.486859
       1.105017       -0.281010       -1.182023
       0.350032       -0.272473        0.996427
       0.288260        1.736754       -0.406885
       0.719571        0.976645       -1.291468
       0.173352        2.076276        0.343918
      -1.587430       -0.091219       -1.180497
      -1.426748       -0.531385        0.648203
       0.250880       -0.263871        0.464256
      -1.436728        0.801301        0.077242
      -1.521945       -1.834416        1.946680
      -0.831711       -0.835069        1.817053
      -0.635176        1.251997        0.031185
       0.248297       -1.818890        0.386294
      -0.505901       -0.558169       -1.160334
      -1.880570       -0.803082       -0.387799
       0.441386        1.359070        0.857235
      -1.722158       -0.059982        1.494408
      -0.395786        0.877653        1.084643
       0.379273       -1.685061        0.031313
      -0.675686       -1.437972        0.105638
       1.107979        0.417802       -0.537581
       0.968621        0.344778        1.587584
       0.079568        1.138307        2.055062
       0.403218        0.257616        2.162292
       2.177674        1.767491       -0.533317
       1.119572        1.288568       -0.641121
       1.400475        1.135346        0.950033
       0.264139       -1.285686        0.461173
       0.259507       -1.504132        0.297331
       0.089721        0.125707       -1.525572
       0.607462        0.188635        0.691232
      -1.738866       -1.656414        1.043640
       1.380484        0.651752       -0.015418
       1.895101        1.490382       -0.202873
      -0.408928        1.476614        2.279706
       1.506942       -0.667123        1.274453
       0.040123        0.371717       -1.129172
      -1.274114        0.573942        1.858699
       0.236058        0.391524        0.523133
      -1.823072       -0.550283       -2.189859
       1.726033       -0.983423        0.186858
      -1.015323       -0.669747        1.929095
      -0.487635        1.993464       -1.516959
      -1.120928       -0.642270       -0.891348
      -0.948173        1.437277       -2.295463
       1.259700       -1.609168        0.597570
      -0.917199       -0.982798        1.501390
       0.916252        0.526569       -0.628585
       0.170978        0.815330       -0.980697
       1.194221        1.040118        0.334569
