10000 0.000000 0.000000
20000 0.000001 0.000001 
30000 0.000001 0.000001 
40000 0.000002 0.000002 
50000 0.000002 0.000002
60000 0.000002 0.000003 
70000 0.000003 0.000003
80000 0.000003 0.000003
90000 0.000004  0.000004 
100000 0.000005 0.000004 
110000 0.000005 0.000005
120000 0.000006 0.000006 
130000 0.000006 0.000008 
140000 0.000007 0.000009 
150000 0.000009 0.000010 
160000 0.000010 0.000011 
170000 0.000010 0.000012 
180000 0.000011 0.000012 
190000 0.000011 0.000012 
200000 0.000012 0.000013 